noPretrained-noFreeze-size100-SGD
[0.4028726763624698, 0.857102399301529, 0.5355592843118997]

pretrained-Freeze-size100-SGD
[0.8910254301905632, 0.650939320063591, 0.08796953934533522]

pretrained-noFreeze-size100-SGD
[0.35169294699048625, 0.877145559220016, 0.564847257661476]

noPretrained-noFreeze-size200-SGD
0.7532946674585342, 0.7945524771690369, 0.5415399183165981

pretrained-Freeze-size200-SGD
0.7837734217643738, 0.5485811975479126, 0.2446721424271178

pretrained-noFreeze-size200-SGD
0.4188130691409111, 0.8831813201904297, 0.6441768630082428

noPretrained-noFreeze-size250-SGD
0.6200430800020694, 0.8387695571780205, 0.5894734836849284

pretrained-Freeze-size250-SGD
1.3867731600999833, 0.3486047587290523, 0.32778589272000774

pretrained-noFreeze-size250-SGD
0.405295277480036, 0.8838923197984695, 0.6393823342947872